4 0.02265625 0.365625 0.0453125 0.175
3 0.50390625 0.4640625 0.084375 0.146875
3 0.359375 0.48203125 0.078125 0.146875
3 0.64921875 0.5015625 0.08203125 0.16796875
3 0.7046875 0.52734375 0.0578125 0.12890625
3 0.540625 0.37109375 0.0578125 0.10546875
3 0.4328125 0.36328125 0.0578125 0.1078125
3 0.94609375 0.40390625 0.04765625 0.09921875
3 0.8078125 0.3859375 0.05234375 0.10546875
3 0.79296875 0.32421875 0.04609375 0.08984375
3 0.35 0.40078125 0.06796875 0.09921875
3 0.84765625 0.421875 0.04375 0.10546875
3 0.8546875 0.340625 0.04609375 0.08125
3 0.46328125 0.4296875 0.04609375 0.10234375
3 0.921875 0.37421875 0.0359375 0.08125
3 0.9859375 0.353125 0.02421875 0.08671875