3 0.92109375 0.4265625 0.09765625 0.13203125
3 0.284375 0.3875 0.06015625 0.1078125
3 0.803125 0.4203125 0.0703125 0.1140625
3 0.575 0.39765625 0.05390625 0.08671875
3 0.96875 0.35703125 0.05 0.13828125
4 0.328125 0.39609375 0.03203125 0.084375
4 0.39765625 0.41171875 0.03203125 0.06015625
4 0.528125 0.4234375 0.03203125 0.06015625
3 0.44609375 0.43125 0.03203125 0.06328125
3 0.3609375 0.4328125 0.034375 0.06640625
3 0.6328125 0.43515625 0.05 0.09609375
3 0.6703125 0.415625 0.028125 0.06328125
3 0.73671875 0.4296875 0.0421875 0.06640625