4 0.0328125 0.3984375 0.06171875 0.10390625
3 0.95625 0.4703125 0.084375 0.15234375
3 0.22578125 0.41875 0.06015625 0.09609375
3 0.55234375 0.39296875 0.04765625 0.09296875
3 0.471875 0.390625 0.05625 0.071875
3 0.32421875 0.3828125 0.04765625 0.09296875
3 0.15078125 0.371875 0.04609375 0.071875
4 0.265625 0.35078125 0.03984375 0.06640625
3 0.26015625 0.384375 0.0359375 0.05859375
3 0.39609375 0.375 0.0359375 0.071875
3 0.44765625 0.36640625 0.0359375 0.07734375
3 0.62265625 0.3703125 0.04609375 0.075
3 0.5140625 0.3546875 0.03203125 0.053125