4 0.27578125 0.315625 0.18359375 0.1953125
4 0.04921875 0.3046875 0.09765625 0.2
4 0.68125 0.3078125 0.19296875 0.19765625
4 0.45859375 0.265625 0.18671875 0.16640625
4 0.203125 0.2203125 0.15703125 0.1734375
4 0.57734375 0.196875 0.1515625 0.14453125
4 0.8015625 0.228125 0.16015625 0.20234375
4 0.121875 0.2140625 0.125 0.14453125
4 0.04140625 0.1625 0.0828125 0.1109375
4 0.42734375 0.13984375 0.13046875 0.1203125
4 0.90078125 0.221875 0.09765625 0.16015625
4 0.24765625 0.14921875 0.12734375 0.10703125
4 0.7359375 0.05234375 0.10078125 0.0734375
4 0.83359375 0.09921875 0.1125 0.1046875
4 0.95546875 0.1921875 0.0828125 0.1625
4 0.37109375 0.0734375 0.0953125 0.09765625
4 0.31015625 0.12421875 0.09765625 0.1109375