4 0.62890625 0.11796875 0.0703125 0.134375
4 0.56796875 0.221875 0.071875 0.17578125
4 0.815625 0.35 0.12421875 0.23984375
4 0.4046875 0.1484375 0.07421875 0.17578125
4 0.7140625 0.09140625 0.071875 0.12421875
4 0.51328125 0.12265625 0.06171875 0.11796875
4 0.7046875 0.209375 0.078125 0.18203125
4 0.90625 0.1453125 0.08828125 0.16328125
4 0.2 0.4140625 0.13984375 0.25859375
4 0.271875 0.23359375 0.0796875 0.16640625
4 0.7703125 0.19140625 0.071875 0.16640625
4 0.09921875 0.228125 0.09375 0.18203125
4 0.565625 0.09609375 0.05625 0.12109375
4 0.0828125 0.39296875 0.1296875 0.25546875
4 0.6359375 0.278125 0.09609375 0.2046875
4 0.34296875 0.296875 0.10625 0.2109375
4 0.46171875 0.2703125 0.10390625 0.24609375
4 0.97109375 0.31015625 0.05390625 0.2171875
4 0.34609375 0.10078125 0.04765625 0.11796875
4 0.240625 0.134375 0.06171875 0.10234375