4 0.92890625 0.90234375 0.0859375 0.12890625
4 0.65078125 0.70390625 0.0578125 0.09921875
4 0.975 0.82890625 0.04609375 0.1203125
4 0.54296875 0.6609375 0.04609375 0.084375
4 0.015625 0.7796875 0.03125 0.090625
4 0.12265625 0.75234375 0.0421875 0.08671875
4 0.21796875 0.75703125 0.04375 0.071875
4 0.21875 0.0484375 0.034375 0.0421875
4 0.28515625 0.28203125 0.034375 0.05390625
4 0.41875 0.67109375 0.0421875 0.06328125
4 0.596875 0.8125 0.05390625 0.10546875
4 0.4921875 0.8 0.05234375 0.09921875
4 0.43671875 0.8109375 0.05 0.09609375
4 0.42734375 0.7703125 0.04609375 0.08671875
4 0.346875 0.75078125 0.03828125 0.06640625
4 0.5046875 0.55078125 0.0421875 0.05078125
4 0.46484375 0.51171875 0.0296875 0.05703125
4 0.38828125 0.52890625 0.03984375 0.06640625
4 0.43671875 0.4171875 0.0296875 0.06640625
4 0.39375 0.44453125 0.028125 0.05390625
3 0.79375 0.81796875 0.06015625 0.06875