4 0.046875 0.4390625 0.0296875 0.04140625
3 0.17890625 0.41015625 0.0890625 0.15
3 0.115625 0.421875 0.03203125 0.0578125
3 0.3875 0.39765625 0.05546875 0.0859375
3 0.44921875 0.39296875 0.05546875 0.08984375
3 0.52109375 0.40234375 0.03828125 0.0703125
3 0.5578125 0.415625 0.034375 0.0640625
3 0.61796875 0.40390625 0.02734375 0.04765625
3 0.68515625 0.41015625 0.0421875 0.0671875
3 0.75390625 0.40078125 0.040625 0.0671875
3 0.82265625 0.38828125 0.040625 0.0609375
3 0.865625 0.38984375 0.02578125 0.0578125
3 0.915625 0.38046875 0.040625 0.0703125
3 0.97578125 0.38203125 0.0234375 0.04765625