4 0.07578125 0.38984375 0.01796875 0.046875
4 0.446875 0.3484375 0.01953125 0.04296875
4 0.5109375 0.5 0.025 0.053125
4 0.8109375 0.53515625 0.0296875 0.08984375
4 0.93125 0.5515625 0.0359375 0.08359375
4 0.67578125 0.3765625 0.01640625 0.03984375
4 0.6640625 0.36015625 0.015625 0.03984375
4 0.253125 0.275 0.0109375 0.03671875
4 0.2390625 0.28984375 0.0109375 0.03359375
6 0.071875 0.48359375 0.040625 0.2203125
6 0.2375 0.34296875 0.01640625 0.13984375
6 0.2546875 0.3265625 0.01796875 0.1203125
6 0.51484375 0.63203125 0.040625 0.3234375
6 0.440625 0.40859375 0.03203125 0.16328125
6 0.68359375 0.471875 0.0296875 0.2234375
6 0.66015625 0.43828125 0.02109375 0.18984375
6 0.8078125 0.69140625 0.07421875 0.3703125
6 0.9421875 0.75703125 0.10234375 0.4796875