3 0.10234375 0.325 0.0796875 0.1296875
3 0.69453125 0.3703125 0.06875 0.13359375
3 0.19140625 0.3765625 0.0625 0.11328125
3 0.8203125 0.41171875 0.0625 0.096875
3 0.29765625 0.3765625 0.0578125 0.09296875
3 0.903125 0.43359375 0.05546875 0.10703125
3 0.38359375 0.39296875 0.046875 0.08671875
3 0.578125 0.3703125 0.0359375 0.08671875
3 0.24296875 0.396875 0.0421875 0.1
3 0.55078125 0.38203125 0.0265625 0.08359375
3 0.86328125 0.371875 0.046875 0.08359375
3 0.96015625 0.428125 0.0578125 0.11015625