3 0.47734375 0.41171875 0.0421875 0.08828125
3 0.07265625 0.39375 0.05390625 0.09453125
3 0.22421875 0.42578125 0.05234375 0.09140625
3 0.18984375 0.40546875 0.0359375 0.08203125
3 0.2796875 0.3875 0.04765625 0.08203125
3 0.3046875 0.42109375 0.04609375 0.08828125
3 0.35234375 0.4359375 0.04375 0.07578125
3 0.390625 0.4328125 0.03828125 0.07578125
3 0.646875 0.41015625 0.04609375 0.07890625
3 0.73515625 0.42578125 0.04609375 0.07890625
3 0.96015625 0.44375 0.04375 0.07265625
3 0.934375 0.4421875 0.02421875 0.0578125
3 0.821875 0.4484375 0.03984375 0.07578125