4 0.140625 0.409375 0.12578125 0.1875
4 0.184375 0.62578125 0.14375 0.21484375
4 0.33515625 0.840625 0.17421875 0.27578125
4 0.4640625 0.57578125 0.13203125 0.2484375
4 0.52578125 0.33671875 0.0796875 0.12734375
4 0.53828125 0.453125 0.12421875 0.1484375
4 0.6546875 0.53203125 0.08984375 0.1609375
4 0.634375 0.2890625 0.06015625 0.1125
4 0.68125 0.32265625 0.06171875 0.1125
4 0.70703125 0.41640625 0.0859375 0.12421875
4 0.86015625 0.503125 0.15625 0.2546875
4 0.80078125 0.41484375 0.0859375 0.1515625
4 0.853125 0.30625 0.078125 0.13359375