4 0.65703125 0.353125 0.0578125 0.13984375
4 0.52578125 0.33984375 0.06015625 0.1203125
4 0.07734375 0.31640625 0.065625 0.13359375
4 0.38515625 0.321875 0.0578125 0.11640625
4 0.209375 0.36328125 0.0578125 0.1203125
4 0.303125 0.31328125 0.05 0.10703125
4 0.13671875 0.35703125 0.05 0.09296875
3 0.8421875 0.38515625 0.04375 0.08984375
4 0.01484375 0.36328125 0.0296875 0.09296875
4 0.26875 0.35859375 0.03828125 0.08359375
3 0.45 0.33984375 0.04375 0.1
3 0.578125 0.38359375 0.028125 0.06640625
3 0.7609375 0.4046875 0.02578125 0.05703125
3 0.80390625 0.4015625 0.03203125 0.05703125
3 0.9 0.38203125 0.04375 0.0765625
3 0.6078125 0.38984375 0.02421875 0.053125
3 0.934375 0.38515625 0.028125 0.05703125
3 0.96875 0.38671875 0.02578125 0.06015625