4 0.4859375 0.278125 0.06796875 0.14140625
4 0.6171875 0.27890625 0.065625 0.13203125
4 0.909375 0.29453125 0.078125 0.13828125
4 0.2921875 0.28515625 0.06796875 0.13203125
4 0.7578125 0.32890625 0.06015625 0.10546875
4 0.43671875 0.32109375 0.05 0.09609375
4 0.1046875 0.3390625 0.03828125 0.10234375
4 0.840625 0.34375 0.05 0.08125
4 0.5453125 0.35 0.05 0.09921875
4 0.21484375 0.346875 0.05 0.09921875
4 0.14375 0.36953125 0.03984375 0.078125
4 0.078125 0.353125 0.028125 0.09921875
4 0.66875 0.32421875 0.04609375 0.1203125
4 0.79296875 0.3515625 0.03828125 0.09609375