3 0.13125 0.26953125 0.15390625 0.2609375
3 0.7546875 0.22578125 0.1296875 0.23359375
3 0.61171875 0.28515625 0.07578125 0.1578125
3 0.37265625 0.3484375 0.09765625 0.1875
3 0.490625 0.31328125 0.065625 0.11796875
3 0.24921875 0.3546875 0.0421875 0.07265625
3 0.29921875 0.3375 0.0421875 0.08203125
3 0.584375 0.03046875 0.03203125 0.0484375
3 0.63671875 0.03671875 0.0296875 0.0609375
3 0.6921875 0.04375 0.02421875 0.0578125
3 0.27421875 0.17265625 0.028125 0.0484375
3 0.3140625 0.03671875 0.02421875 0.0546875
3 0.34296875 0.0375 0.021875 0.0390625
3 0.39609375 0.02109375 0.02421875 0.0421875
3 0.378125 0.03671875 0.0203125 0.0484375
3 0.3640625 0.05 0.0203125 0.0453125