4 0.3140625 0.4359375 0.06015625 0.07265625
4 0.22109375 0.43984375 0.05390625 0.0859375
3 0.26328125 0.4703125 0.05390625 0.0828125
3 0.42421875 0.44921875 0.04375 0.06171875
3 0.565625 0.45859375 0.0359375 0.05859375
3 0.53515625 0.425 0.03828125 0.05625
3 0.49921875 0.43046875 0.0296875 0.05078125
3 0.28828125 0.4609375 0.03203125 0.06953125
4 0.58828125 0.42109375 0.0359375 0.0640625
4 0.71171875 0.43984375 0.04375 0.06953125
4 0.7859375 0.434375 0.03984375 0.0640625
3 0.66015625 0.45546875 0.04765625 0.0640625
3 0.76484375 0.49609375 0.05390625 0.075
3 0.88203125 0.4546875 0.03203125 0.05078125
3 0.9578125 0.46015625 0.0359375 0.05078125