4 0.47265625 0.38125 0.0578125 0.1078125
4 0.3359375 0.3796875 0.05625 0.1109375
4 0.22734375 0.37265625 0.0578125 0.1078125
4 0.890625 0.39453125 0.05 0.09921875
4 0.6859375 0.3921875 0.04765625 0.08671875
4 0.10625 0.3546875 0.05625 0.10234375
4 0.62109375 0.37421875 0.04609375 0.10546875
4 0.28125 0.390625 0.034375 0.06015625
3 0.53515625 0.390625 0.03828125 0.06015625
4 0.8203125 0.384375 0.02421875 0.05390625
4 0.7640625 0.378125 0.04375 0.078125
4 0.18984375 0.384375 0.028125 0.06015625
4 0.040625 0.39921875 0.0296875 0.05390625