3 0.07109375 0.4546875 0.1421875 0.22109375
3 0.85234375 0.38828125 0.07578125 0.1203125
3 0.22265625 0.36015625 0.0703125 0.10703125
3 0.6671875 0.325 0.05390625 0.0796875
3 0.62578125 0.334375 0.04375 0.071875
3 0.2671875 0.31875 0.04609375 0.071875
3 0.365625 0.29609375 0.03203125 0.04296875
3 0.56875 0.3109375 0.04609375 0.06640625
3 0.525 0.29765625 0.0296875 0.05625
3 0.50703125 0.30234375 0.01796875 0.05078125
3 0.4890625 0.30390625 0.021875 0.053125
3 0.4609375 0.2921875 0.02578125 0.0453125
3 0.425 0.30234375 0.0296875 0.05078125