4 0.19296875 0.39921875 0.05 0.08984375
4 0.7640625 0.39921875 0.04375 0.078125
4 0.1296875 0.37109375 0.05234375 0.09296875
4 0.29375 0.384375 0.03984375 0.084375
4 0.37734375 0.39609375 0.0421875 0.084375
4 0.4140625 0.41171875 0.03203125 0.06640625
4 0.478125 0.41015625 0.028125 0.05703125
4 0.5078125 0.3921875 0.0359375 0.075
4 0.5453125 0.40234375 0.02578125 0.078125
4 0.57421875 0.3875 0.03984375 0.084375
4 0.6078125 0.41015625 0.0359375 0.075
4 0.67109375 0.40390625 0.0421875 0.08125
4 0.7171875 0.39921875 0.0421875 0.078125