4 0.43828125 0.30234375 0.1203125 0.2140625
4 0.59765625 0.34375 0.084375 0.15078125
4 0.8046875 0.26328125 0.0859375 0.171875
4 0.08203125 0.375 0.1 0.17734375
4 0.20390625 0.3671875 0.0921875 0.175
4 0.7359375 0.246875 0.115625 0.2109375
4 0.52890625 0.3671875 0.065625 0.11484375
4 0.37578125 0.328125 0.08828125 0.175
4 0.92578125 0.0921875 0.14375 0.18359375
6 0.07109375 0.64296875 0.13828125 0.68984375
6 0.2171875 0.63828125 0.14609375 0.6984375
6 0.34765625 0.6234375 0.13203125 0.746875
6 0.4359375 0.60390625 0.3203125 0.7859375
6 0.62734375 0.63515625 0.121875 0.72265625
6 0.77578125 0.575 0.2203125 0.84375
6 0.92578125 0.4953125 0.14375 0.990625