3 0.8796875 0.3484375 0.08515625 0.15703125
3 0.64921875 0.3453125 0.05546875 0.1296875
3 0.534375 0.371875 0.06328125 0.1296875
3 0.76875 0.33984375 0.0609375 0.1203125
3 0.59296875 0.3703125 0.05 0.11328125
3 0.3109375 0.35703125 0.05 0.1203125
3 0.18984375 0.39140625 0.05390625 0.1234375
3 0.025 0.43203125 0.05 0.1296875
3 0.26328125 0.4 0.0484375 0.10703125
3 0.346875 0.3796875 0.04453125 0.1
3 0.40390625 0.36484375 0.04296875 0.08359375
3 0.96640625 0.3453125 0.03359375 0.08359375
3 0.68515625 0.353125 0.03515625 0.08671875
3 0.71953125 0.36171875 0.03359375 0.08984375