3 0.0328125 0.51640625 0.034375 0.06640625
3 0.11171875 0.534375 0.02421875 0.0421875
3 0.1921875 0.52890625 0.015625 0.0421875
3 0.15078125 0.51953125 0.0421875 0.084375
3 0.3 0.48203125 0.03984375 0.08125
3 0.34609375 0.46875 0.03203125 0.06015625
3 0.328125 0.48984375 0.02421875 0.05390625
3 0.3859375 0.47421875 0.0359375 0.05390625
3 0.44765625 0.48359375 0.0359375 0.071875
3 0.4953125 0.4640625 0.05390625 0.09921875
3 0.85703125 0.4171875 0.03828125 0.06640625
3 0.65 0.43515625 0.04765625 0.084375