3 0.171875 0.278125 0.1078125 0.17109375
3 0.86484375 0.29609375 0.065625 0.13515625
3 0.5671875 0.2625 0.08203125 0.16484375
3 0.34609375 0.24765625 0.09609375 0.159375
3 0.73984375 0.228125 0.1078125 0.20390625
3 0.96015625 0.265625 0.05625 0.13515625
3 0.51484375 0.3125 0.0421875 0.10234375
3 0.61875 0.28203125 0.0421875 0.10234375
3 0.0953125 0.309375 0.05 0.10234375
3 0.24375 0.30625 0.03203125 0.071875
3 0.02578125 0.32734375 0.0515625 0.1078125
3 0.465625 0.315625 0.03203125 0.06015625
3 0.64921875 0.3 0.0421875 0.084375
3 0.4171875 0.33671875 0.0421875 0.078125
3 0.3953125 0.27890625 0.034375 0.08984375
3 0.98203125 0.21171875 0.03203125 0.1890625