0 0.21015625 0.475 0.0453125 0.05546875
0 0.24765625 0.4515625 0.0484375 0.0578125
0 0.94921875 0.50390625 0.04296875 0.05078125
0 0.640625 0.5375 0.040625 0.0453125
0 0.47265625 0.4671875 0.0359375 0.040625
0 0.15390625 0.46171875 0.0578125 0.0625
0 0.4828125 0.50390625 0.04296875 0.05078125
0 0.71484375 0.5328125 0.05078125 0.06015625
0 0.35078125 0.49140625 0.0484375 0.06015625
0 0.303125 0.484375 0.0484375 0.06015625
1 0.828125 0.53984375 0.06484375 0.07421875
0 0.05390625 0.51171875 0.1078125 0.28359375