0 0.1046875 0.321875 0.0265625 0.02890625
0 0.01953125 0.32421875 0.02421875 0.02890625
1 0.44921875 0.00703125 0.0625 0.0140625
0 0.0609375 0.01328125 0.040625 0.0265625
1 0.5140625 0.02265625 0.08671875 0.0453125
0 0.05859375 0.321875 0.0359375 0.03828125
1 0.56484375 0.30390625 0.04296875 0.06953125
0 0.96953125 0.1015625 0.0609375 0.128125
1 0.56484375 0.03125 0.04296875 0.0625
0 0.96875 0.22578125 0.0625 0.125
1 0.5109375 0.33203125 0.06953125 0.09140625
1 0.46484375 0.27421875 0.06015625 0.071875
1 0.5953125 0.0625 0.06953125 0.08671875
1 0.5953125 0.26796875 0.06953125 0.0890625
1 0.46640625 0.05390625 0.0625 0.07421875
1 0.4546875 0.375 0.09140625 0.1109375
1 0.2796875 0.27890625 0.09375 0.1203125
1 0.28125 0.053125 0.09609375 0.10546875