1 0.6609375 0.35390625 0.04296875 0.0578125
1 0.8171875 0.353125 0.053125 0.06484375
1 0.290625 0.0171875 0.0671875 0.03359375
1 0.7203125 0.0171875 0.07421875 0.03359375
1 0.72109375 0.33359375 0.0671875 0.0796875
1 0.4015625 0.31171875 0.0578125 0.084375
1 0.4015625 0.02890625 0.0578125 0.0578125
1 0.2921875 0.3328125 0.06484375 0.08203125
1 0.52734375 0.3171875 0.07421875 0.09375
1 0.5265625 0.02890625 0.0765625 0.0578125
1 0.0953125 0.0359375 0.084375 0.071875
1 0.88359375 0.31796875 0.084375 0.1015625
1 0.88359375 0.03046875 0.0890625 0.06015625
1 0.09765625 0.3046875 0.084375 0.10390625