4 0.31015625 0.72109375 0.03359375 0.03828125
4 0.80859375 0.49765625 0.0359375 0.03359375
4 0.4234375 0.6234375 0.03359375 0.021875
4 0.3171875 0.6265625 0.03828125 0.0359375
4 0.41015625 0.5953125 0.03125 0.03125
4 0.4703125 0.42890625 0.0359375 0.0359375
4 0.59140625 0.33671875 0.03828125 0.03359375
4 0.59375 0.43046875 0.03828125 0.03828125
4 0.4625 0.3171875 0.0265625 0.02890625
4 0.49609375 0.303125 0.0359375 0.03359375
4 0.5421875 0.296875 0.03125 0.040625
4 0.31015625 0.9421875 0.03359375 0.03828125
4 0.46171875 0.00859375 0.02890625 0.0171875
4 0.49609375 0.015625 0.0359375 0.03125
4 0.5421875 0.02265625 0.03125 0.040625