1 0.7640625 0.32734375 0.1109375 0.07265625
1 0.7953125 0.00703125 0.053125 0.0140625
1 0.98046875 0.48046875 0.03828125 0.05078125
1 0.20078125 0.4515625 0.07421875 0.06953125
1 0.79296875 0.34375 0.0625 0.06015625
1 0.7359375 0.3171875 0.0578125 0.0796875
1 0.7359375 0.025 0.053125 0.05
1 0.38671875 0.0515625 0.053125 0.05078125
1 0.3859375 0.27578125 0.05546875 0.05546875
1 0.7953125 0.42265625 0.0625 0.06015625
1 0.5515625 0.33515625 0.06484375 0.07265625
1 0.54921875 0.01484375 0.06484375 0.02890625