0 0.5640625 0.2234375 0.0359375 0.03828125
0 0.3921875 0.21484375 0.03359375 0.040625
1 0.32109375 0.21640625 0.0453125 0.0625
1 0.853125 0.196875 0.21640625 0.2453125
1 0.50703125 0.2140625 0.0484375 0.08671875
1 0.8640625 0.0265625 0.2140625 0.053125
1 0.9578125 0.24375 0.07421875 0.1078125
1 0.46484375 0.22109375 0.06953125 0.09609375
1 0.25234375 0.203125 0.09609375 0.1421875
1 0.17890625 0.24140625 0.0796875 0.1078125
1 0.678125 0.22578125 0.09140625 0.1109375
1 0.0296875 0.19375 0.059375 0.1