2 0.3421875 0.5046875 0.146875 0.5328125
2 0.509375 0.50703125 0.20703125 0.57109375
1 0.91484375 0.1421875 0.03125 0.03828125
1 0.91484375 0.1953125 0.03125 0.03828125
0 0.55546875 0.121875 0.03828125 0.04609375
1 0.71015625 0.24921875 0.05546875 0.075
1 0.71171875 0.09140625 0.0578125 0.07265625
1 0.1234375 0.2734375 0.0796875 0.0890625
1 0.35546875 0.3 0.10546875 0.11328125
1 0.77734375 0.29765625 0.1078125 0.11796875
1 0.52890625 0.30234375 0.10546875 0.11328125
1 0.3546875 0.046875 0.103125 0.09375
1 0.125 0.0625 0.08203125 0.09140625
1 0.7765625 0.05078125 0.1109375 0.1015625
1 0.52890625 0.0484375 0.1109375 0.09609375
1 0.22265625 0.25390625 0.0890625 0.0984375
1 0.22265625 0.084375 0.0890625 0.1015625