4 0.9125 0.34765625 0.11328125 0.1421875
4 0.04921875 0.39453125 0.084375 0.09140625
4 0.63203125 0.37734375 0.053125 0.09140625
4 0.74609375 0.3890625 0.05546875 0.08671875
4 0.303125 0.3953125 0.053125 0.06953125
4 0.2140625 0.3953125 0.0484375 0.06953125
3 0.171875 0.37734375 0.05078125 0.0671875
3 0.79921875 0.38125 0.05546875 0.0890625
3 0.44140625 0.40859375 0.0453125 0.071875
3 0.553125 0.39765625 0.04296875 0.07421875
3 0.49765625 0.38125 0.03828125 0.06484375
4 0.25 0.3578125 0.03359375 0.0484375
3 0.396875 0.390625 0.04296875 0.06484375