1 0.13046875 0.00703125 0.0703125 0.0140625
1 0.165625 0.41171875 0.03359375 0.053125
1 0.1515625 0.40859375 0.04296875 0.05546875
1 0.01171875 0.43515625 0.0234375 0.0484375
1 0.040625 0.4203125 0.0484375 0.05546875
1 0.69609375 0.40859375 0.0359375 0.04609375
1 0.74609375 0.40234375 0.0359375 0.0484375
1 0.33515625 0.409375 0.0359375 0.0484375
1 0.38125 0.40625 0.040625 0.05078125
1 0.23828125 0.41484375 0.04296875 0.053125
1 0.8265625 0.40703125 0.03359375 0.04375
1 0.5796875 0.40390625 0.04296875 0.05078125
1 0.86875 0.39140625 0.0453125 0.05546875
1 0.62890625 0.41328125 0.040625 0.05078125
1 0.1296875 0.34921875 0.0625 0.0671875