2 0.92421875 0.93125 0.1515625 0.1375
2 0.21875 0.525 0.27421875 0.70390625
2 0.61875 0.93125 0.17578125 0.1328125
2 0.4046875 0.93359375 0.19453125 0.1328125
2 0.8421875 0.51171875 0.21875 0.6625
1 0.2140625 0.02265625 0.11875 0.0453125
2 0.6359375 0.51328125 0.2234375 0.64609375
2 0.42578125 0.5109375 0.1921875 0.640625
1 0.671875 0.24375 0.09375 0.1203125
1 0.671875 0.04609375 0.09375 0.09140625
1 0.44609375 0.02890625 0.103125 0.0578125
1 0.44609375 0.27578125 0.103125 0.11328125
1 0.31015625 0.19375 0.10546875 0.11328125
1 0.790625 0.0625 0.10546875 0.125
1 0.78828125 0.2171875 0.1109375 0.13046875
1 0.30859375 0.08203125 0.103125 0.1109375