1 0.4828125 0.0109375 0.08671875 0.021875
2 0.8171875 0.58828125 0.35078125 0.55390625
1 0.290625 0.36640625 0.053125 0.09140625
1 0.3703125 0.01796875 0.10078125 0.0359375
1 0.72265625 0.01484375 0.1078125 0.02890625
1 0.58984375 0.3953125 0.06953125 0.09609375
1 0.4890625 0.36640625 0.084375 0.1203125
1 0.24296875 0.03984375 0.115625 0.0796875
1 0.665625 0.49140625 0.125 0.13984375
1 0.240625 0.3265625 0.1109375 0.15625
1 0.375 0.37578125 0.1296875 0.16875
1 0.05546875 0.39609375 0.1109375 0.15625
1 0.725 0.36484375 0.11796875 0.1328125