4 0.45078125 0.54296875 0.0984375 0.09609375
4 0.6234375 0.296875 0.11328125 0.11796875
4 0.68125 0.2484375 0.06015625 0.06953125
4 0.34609375 0.4625 0.08203125 0.084375
4 0.48046875 0.2484375 0.053125 0.06953125
4 0.32421875 0.51328125 0.09609375 0.0890625
3 0.209375 0.334375 0.071875 0.08671875
3 0.515625 0.3109375 0.06484375 0.0796875
3 0.7609375 0.24375 0.06953125 0.09375
3 0.540625 0.2609375 0.0484375 0.05078125
3 0.9125 0.19375 0.0453125 0.0453125
4 0.62265625 0.0359375 0.115625 0.071875
4 0.68125 0.0609375 0.06015625 0.06953125
4 0.48046875 0.0609375 0.053125 0.06953125
3 0.209375 0.009375 0.075 0.01875
3 0.5140625 0.01953125 0.0671875 0.03828125
3 0.7609375 0.06640625 0.06953125 0.09375
3 0.540625 0.04921875 0.0484375 0.05078125
3 0.9125 0.11640625 0.0453125 0.0453125