2 0.1625 0.03125 0.05078125 0.053125
1 0.1609375 0.03125 0.03828125 0.04375
1 0.15859375 0.88828125 0.03828125 0.04609375
1 0.725 0.40625 0.0453125 0.05078125
1 0.6578125 0.42734375 0.040625 0.04609375
1 0.7703125 0.4203125 0.0359375 0.04609375
1 0.76953125 0.14921875 0.03359375 0.04375
1 0.15859375 0.53125 0.04296875 0.04609375
1 0.9125 0.353125 0.05546875 0.06484375
1 0.91328125 0.21796875 0.053125 0.05546875
1 0.65625 0.13828125 0.03828125 0.05078125
1 0.73046875 0.16015625 0.0578125 0.05546875