1 0.61171875 0.015625 0.05546875 0.03125
0 0.55546875 0.0265625 0.0578125 0.053125
0 0.0765625 0.21171875 0.0671875 0.0625
1 0.6078125 0.334375 0.053125 0.071875
0 0.0765625 0.11875 0.0671875 0.06484375
1 0.7234375 0.2953125 0.0625 0.08671875
1 0.390625 0.3640625 0.05546875 0.06953125
1 0.45546875 0.01328125 0.07421875 0.0265625
1 0.7203125 0.03984375 0.06015625 0.0796875
1 0.4578125 0.3453125 0.06015625 0.0796875
1 0.21015625 0.33203125 0.06484375 0.09140625
1 0.209375 0.0203125 0.0671875 0.040625