4 0.83671875 0.296875 0.071875 0.09375
4 0.32421875 0.290625 0.0671875 0.09609375
4 0.18125 0.28359375 0.06484375 0.08671875
4 0.4734375 0.296875 0.09140625 0.11796875
4 0.64453125 0.31640625 0.0578125 0.07421875
4 0.78828125 0.31640625 0.053125 0.06953125
4 0.14296875 0.3140625 0.040625 0.06015625
4 0.8375 0.0375 0.07421875 0.07421875
4 0.325 0.040625 0.06875 0.08125
4 0.18046875 0.0421875 0.0671875 0.084375
4 0.475 0.04296875 0.09375 0.0859375
4 0.6453125 0.02265625 0.06015625 0.0453125
4 0.78984375 0.021875 0.05546875 0.04296875
4 0.1421875 0.0203125 0.04296875 0.040625