1 0.6890625 0.01328125 0.05078125 0.0265625
1 0.32890625 0.009375 0.0859375 0.01875
1 0.921875 0.3171875 0.06484375 0.11328125
1 0.8703125 0.01796875 0.071875 0.0359375
1 0.4625 0.3328125 0.0453125 0.0671875
1 0.9015625 0.021875 0.10546875 0.04375
1 0.98671875 0.34921875 0.0265625 0.08203125
1 0.7328125 0.03125 0.1203125 0.0625
1 0.8921875 0.33359375 0.10078125 0.1328125
1 0.56171875 0.040625 0.1046875 0.08125
1 0.56484375 0.29765625 0.10546875 0.146875
1 0.05625 0.36953125 0.084375 0.11328125
1 0.12734375 0.36484375 0.10546875 0.1375
1 0.734375 0.33046875 0.13203125 0.1828125
1 0.33203125 0.36171875 0.115625 0.159375