0 0.421875 0.175 0.03125 0.040625
0 0.046875 0.17734375 0.0359375 0.040625
0 0.29296875 0.18828125 0.03828125 0.04375
0 0.47578125 0.34921875 0.0625 0.0625
0 0.48046875 0.178125 0.03828125 0.0484375
0 0.51796875 0.1734375 0.0359375 0.04375
0 0.515625 0.00625 0.040625 0.01171875
0 0.48046875 0.0046875 0.03828125 0.009375
0 0.59765625 0.4375 0.07421875 0.06015625
0 0.4484375 0.16875 0.0359375 0.0484375
1 0.80859375 0.47578125 0.06484375 0.06953125
1 0.728125 0.46953125 0.0671875 0.0671875
1 0.38671875 0.16171875 0.03828125 0.053125
0 0.84765625 0.29375 0.040625 0.0484375
0 0.15859375 0.27734375 0.0484375 0.053125
1 0.3859375 0.01328125 0.040625 0.0265625
0 0.4484375 0.0109375 0.040625 0.021875
0 0.73828125 0.2203125 0.04296875 0.05078125
0 0.5578125 0.159375 0.04296875 0.053125
1 0.3296875 0.3 0.0625 0.05546875
1 0.62734375 0.16015625 0.0484375 0.06015625
1 0.33046875 0.1625 0.0453125 0.05546875
1 0.62890625 0.0171875 0.0453125 0.03359375
1 0.4234375 0.28671875 0.0578125 0.0625
1 0.33046875 0.01484375 0.0453125 0.02890625
0 0.5578125 0.0171875 0.04296875 0.03359375