1 0.021875 0.20390625 0.04296875 0.075
1 0.72109375 0.0109375 0.0484375 0.021875
1 0.31640625 0.39296875 0.0359375 0.03828125
1 0.13203125 0.39765625 0.03828125 0.03359375
1 0.3328125 0.41171875 0.0359375 0.03828125
1 0.2296875 0.41171875 0.05546875 0.04375
1 0.0203125 0.1265625 0.040625 0.0796875
1 0.359375 0.3890625 0.0453125 0.05546875
1 0.7234375 0.33984375 0.053125 0.07265625
1 0.4515625 0.3734375 0.0578125 0.0671875
1 0.77421875 0.309375 0.09609375 0.10390625
1 0.59765625 0.33046875 0.06953125 0.07734375
1 0.77265625 0.03515625 0.09375 0.06953125
1 0.59375 0.01953125 0.071875 0.03828125