1 0.33046875 0.46015625 0.03125 0.03359375
1 0.55078125 0.50390625 0.02890625 0.03828125
1 0.42890625 0.48828125 0.0359375 0.0359375
1 0.02734375 0.54296875 0.0546875 0.0796875
1 0.12734375 0.49140625 0.04296875 0.0484375
1 0.0625 0.5578125 0.08671875 0.084375
1 0.478125 0.49296875 0.03828125 0.040625
1 0.6 0.50859375 0.03125 0.03828125
1 0.63828125 0.50390625 0.0359375 0.0484375
1 0.7296875 0.521875 0.040625 0.04609375
1 0.05390625 0.4828125 0.06484375 0.06015625
1 0.1421875 0.5828125 0.1109375 0.09609375
1 0.1703125 0.5046875 0.071875 0.06953125
1 0.509375 0.52890625 0.071875 0.084375
1 0.32578125 0.57734375 0.09375 0.0984375